18280039069
15985753383
15007236715
18328051093
18628198015
18702825820
18702825820
13076019582
13303330333
18380284020
13560772911
13281273318
18200447497
13528847677
13488189698
18200447497
18200447497
18985674521
13982122260
18384138818
15881114314
13088037375
13032891671
13910148521
17635492521
13228202686
18030722336
18000518236
18985642513
13008139027
18380451323
18200447497
18200447497
13219044035
13072883110
13281833720
13976863448
18608873737
13982063791
18628198015
13032877596
15928445422
18040362133
18208281235
18200447497
13558812267
13408017422
15108450769
18708369752
13888374921
18628198015
13458206205
15982156552
13036868590
15889345668
15220066422
15882398027
13688398716
17828111753
13528156643
18980096768
13069131313
15281090149
13303330333
18091896752
17072040049
18200447497
13340747303
18215579179
13281833720
13699426521
13540671984
13869221471
13072875030
13658364566
17828456981
13670542311
18628198015
13219044035
13560772911
18628198015
13327814172
15208395215
13808182714
13540694367
13487201100
18200447497
13096321385
13908061147
13072812572
18628198015
18981855289
13212312312
13658168176
18280067682
18380284020
15308068067
13966698246
13258118313
13747535946
15928449422
18200447497
15208120895
13980948104
13219044035
18732003221
13568858713
13981855077
13928354001
18116641219
13966512256
13320112011
18200447497
13450086781
13212312312
17625897221
13369978315
18200447497
15982165362
18200531675
18482317823
13666179715
13303330333
18628198015
13340999985
18208154273
18080886115
13450086781
13285371246
13212321231
15583293783
13980429306
13689616622
18985462554
18628198015
13616584423
13255994440
18628198015
18000518546
13880413812
13219014140
15108345821
13980948984
18628198015
18190974581
13320112011
18200447497
18628353226
18687820397
15102832829
13508103395
13929661002
15828442163
13849613450
15756340436
18038438002
15691896877
18628198015
13281833720
13808102997
18628198015
15607729111
18628198015
18340365048
13981970912
13281833720
13551306358
15888106246
18380451323
13540880410
13281833720
13032832925
18002424870
15880215764
18200447497
18227633714
15836136136
18981727289
18215515562
13658643862
13192307624
13281833720
18682695137
13265554411
18302859541
13880813776
13800138000
18382094745
13980034079
13678389612
13688323925
18900270012
18278312459
13687658883
18200447497
15783105623
13998754621
18725933870
13076080025
18200447497
18602844242
13541181437
13281833720
13578552936
13512636888
13212312312
15126778899
13281833720
13281833720
15828357433
13550091069
15929366730
18583782905
18402847578
15378187868
18946464646
18030638030
18428148075
15380899603
13800138000
13219000318
13845124528
18200447497
13684460314
18380116347
13032891671
18628198015
18200447497
18200447497
13828178345
13281833720
18200447497
13908066522
13800138000
13458200325
18120766221
13845124528
18628198015
18047089980
13881857048
13348887777
13923350430
13518208857
13281833720
18200447497
13688075610
18200447497
18713789796
13800138000
15228885027
13881814801
18702825820
18608873737
15864641271
15196574327
18628198015
18981855289
13303330333
13980014035
13558626001
18628353226
13600342735
17780706772
18200447497
18628198015
13679046510
18583969625
18981919293
13212312312
13808051469
18162237813
13898778840
13898778440
13228208472
15528208925
18200447497
18081687969
15982085637
13447831433
18628198015
15102804946
13036655320
18200447497
13458338868
18628198015
18744995916
18200447497
18117825711
15678552626
18200447497
13281833720
13183263647
18382165212
18628198015
13320112011
18687665931
18381067890
13743405752
15900153420
15623165770
18628198015
13929661002
18623198015
18215611322
18628198015
13228208472
18628198015
13438239517
13208103693
18628198015
15691896677
18628198015
18508103523
18628188015
18388841519
13745532215
13402832976
18628198015
13518208857
18200447497
18302818382
15229875244
18628198015
18625819801
13281833720
13416928166
18628198151
13228208472
18628198015
18628198015
13608023733
18680502350
15756299531
13282290658
15756380190
18628198015
18628198015
17188204821
13183834779
18200447497
18200447497
13689067155
18180643178
18200447497
13072881776
17095779459
13880767351
13550004793
13547204322
18628198015
13980470198
18200447497
18628198015
18284411981
18180788993
13208108166
13688420342
18435501887
18702825820
15208158111
15882263938
18200447497
15678410251
13881739278
18200447497
13258115798
15228545419
15281057379
15828207841
15980906962
13515824698
18628198015
15228545419
13533553235
13238183372
18215694043
15756443711
13881739278
15908158219
15108345821
13550326150
18200447497
17603016629
17008241684
18048407597
13689247602
18981741757
18200447497
15883228431
13281868983
18784387946
18200447497
13550070319
13619633423
13845124528
13228208472
18200447497
18982063265
13708018354
13303330333
13908204437
13902072186
18200447497
13208108166
15828177953
15828457177
18200226966
18702825820
18380451323
13118390333
17308027998
18347518337
15808145206
15969547312
18180873933
18200447497
15608206388
18200376309
18200447497
13660241170
18000518426
18628957062
13558907304
13808214485
15196671724
13679055661
18608007034
15008275714
13587617717
13281833720
18628198015
13980444039
18200447497
18200447497
18702825820
18628198015
18200447497
18928198015
18113017590
18628198015
18628198015
15882310504
17828171651
18780092157
13550264381
18981973805
13551899285
18615780958
18628198015
15884563656
13303330333
18702825820
13668119353
18628178825
18782167981
13415963000
18628198015
15388137897
13072871205
15390420913
13340999509
18428062390
15108004946
13626051345
18220021659
18583363730
13668205311
18685439612
18030743667
18584070602
15928121118
15756262235
18200447497
18628198015
13982049971
18981843336
18628198015
18628198015
18328565388
13540223762
18200447497
13281870737
18380451323
15828497438
15108345821
13540878466
18215695069
18628198015
18200447497
18108193218
18200447497
18086808233
13281833720
15887854785
18780012198
13428206652
18200447497
13281833720
13881739278
18190966730
18200447497
13258316385
18628198015
13032891671
13648521478
13212312312
18728498219
13882287201
15982156552
18200447497
13032833530
18628198015
15283172912
13086636590
13678924059
18200447497
18780457821
18681350258
18117825711
18408216554
13481875421
18380423347
18200447497
13281833720
15881013474
13032833183
15679036385
13228208472
13923886286
18328679188
13980832675
18702825820
13088007219
15882131369
18628198015
13881233221
13785412541
13036671096
18215611322
13608222523
15882482243
17188204821
17828076068
18200447497
13508444449
13213331222
18615860285
15281037505
18200447497
13821823547
13281833720
18628198015
13265203232
13981755027
13303330333
18180788993
18628198015
15108345821
18200447497
13684460314
13550274301
13908086984
13540253234
18628198015
18148825631
13258213603
18200447497
13980221679
13559688359
13281833720
13908063122
18502866557
15102884731
18782429833
13541277883
18200447497
13281833720
15928085879
15388263955
13800138000
13408446901
18702825820
13708094430
13981755027
